183423.6 125763.5 113382.4 138887.4 110331.6
116095.7 115109.9 93039.77 145663.8 88670.59
92557.54 108110.7 91134.57 68490.77 67254.73
286336.3 257353.6 263879.2 205944 172007.8
129634.7 117448.6 90776.36 87068.73 47417.05
71366.92 72067.67 48627.9 69757.55 56811.32
49622.07 65318.51 81241.16 52813.77 37402.91
82824.94 64957.8 55444.41 77010.34 93534.49
162507.5 157126.2 133242.7 134480.1 150435
62360.35 28677.39 64144.88 69022.08 54250.87
81205.68 80641.5 43322.41 44934.8 56950.54
216376.7 219012.5 188409.6 212136 212417.4
59554.19 86639.48 48075.39 45484.84 73090.29
119848.7 134683.4 82877.28 98206.18 60196.45
286859.2 226803.2 241721.7 264707.8 178457.9
163672.7 103708.2 99021.41 63400.79 61297.37
204567.2 130654.6 84068.85 58063.79 58095.5
384819.1 341096.3 340144.8 374436 303484.9
111892.3 173382.8 137336.3 166079.5 92879.22
119066.3 126662.3 91740.07 107736.7 91851.2
75206.23 46444.66 46063 30174.67 26271.05
173277.5 141574.5 174218.4 123654.6 76166.28
92981.66 90683.01 93329.52 78535.88 79658.93
58508.29 56727.5 67501.78 44125.17 58074.89
314529.2 112683 97617.69 92587.34 80400.51
103967.5 92657.16 101341.2 107931.6 94039.57
128999.8 110316.6 53906.89 82183.86 65340.08
302877 168490.3 204004.8 202435.7 196539.1
83533.27 88199.35 125935 86736.44 66988.35
219018.8 106578.7 155557.8 97429 147775.6
505788.6 469234.5 489761.2 529360 356636
110136.1 110833.7 45953.88 107685.1 46632.68
129555 135060.7 160122.2 70909.89 87114.24
184630.7 125181.4 117336.9 110988.1 81452.83
206403.5 160923.5 371471.4 177405 181454
188250.6 119375.1 60173.1 92275.07 88407.97
118232.7 155769.1 101556.9 138810.2 96871.31
272355 249285 221485.7 220122.8 238898.8
302429.3 255389.1 270675.3 129592.5 231373.5
193809.2 139352.5 166906.9 144997.1 101880.8
364826.4 226711.8 196970.5 163846.8 156120.7
79703.62 86511.4 82948.24 61115.86 67603.34
638237.3 534497.2 486070.5 288927.6 479563.2
124454.2 120115 82954.7 60112.58 57000.19
59953.94 61879.18 64078.53 45643.52 46092.93
182283.8 217915.1 128315.5 117633.3 94918.91
84128.71 45967.52 42065.81 41396.94 67919.89
170019.6 104593.3 96396.71 86714.11 141436.7
34259.22 45918.84 29389.58 71035.47 31871.35
55444.5 73850.27 77100.21 101013.8 83719.54
