29024.19 44442.06 31125.8 24182.31 36806.26
34662.97 31490.11 26275.72 35034.48 20742.17
20997.92 34108.18 35699.61 32397.87 34749.11
32221.43 28017.77 29220.57 26062.41 27150.28
32135.29 28815.03 36124.19 32861.04 41167.92
37011.85 60466.36 38558.9 38641.73 28123.64
35797.49 25761.4 30267.74 44010.61 28714.56
32032.5 47757.52 43832.28 31193.54 24720.3
34818.5 41222.19 33804.85 39908.4 37275.08
24115.62 30157.32 36446.91 25797.19 34934.56
34218.48 39864.9 34782.61 40367.36 22190.17
36704.12 29073.83 27165.09 33558.56 37187.47
32936.22 34523.97 22380.2 37825.02 53413.31
38788.8 51113.04 41704.92 46646.64 46267.2
36217.27 34941.87 28049.71 41448.88 36170
61631.1 39325.25 40938.09 27342.73 37539.01
24261.61 28887.19 39839.13 43074.87 40036.31
39679.05 35772.74 31435.42 29681.53 27304.47
36943.9 34416.16 39231.25 34300.3 21805.63
28524.47 22171.62 28153.97 39439.64 33613.2
34242.64 39262.16 39971.67 34073.18 30494.44
40142.46 37161.04 39657.46 26201.37 40458.96
46259.29 31122.77 42386.74 48315.9 46920.23
29202.12 34288.6 52476.09 44138.85 48957.51
38103.29 44849 40419.65 22488.89 40323.6
39919.29 35323.39 44890.51 38719.88 37825.23
45246.54 43096.41 50277.45 30163.7 39770.55
42092.83 34212.49 45355.74 38124.8 14743
42761.14 29529.13 41667.4 24500.36 41733.74
36621.33 23143.35 43957.75 33825.13 30532.32
40085.19 37721.39 46722.91 38391.24 56433.19
57694.9 44189.76 38329.99 34882.37 41886.69
39980.03 46737.29 46525.02 31537.12 45826.83
30385.6 44080.93 35858.18 37959.83 47998.65
40196.56 48486.18 44919.17 50748.23 48474.32
23030.47 22965.17 39722 54659.61 44261.63
36146.8 32940.8 41536.86 25909.42 37126.8
39231.22 40838.86 34888.27 33108.24 44034.86
32625.21 45906.83 36853.55 33300.77 46888.5
52890.46 56400.7 24740.91 30835.14 37871.02
